3,2,2,1
        36.6397        36.6397        14.6000        92.7000         0.0000
'ASF'
 3                    63700.0000            0.3300           17.0000            0.0000            0.0000            0.0000            0.0000
 5                        0.0000           35.0000            0.0018            0.0000
'GRA'
 3                     1900.0000            0.3500           40.0000            0.0000            0.0000            0.0000            0.0000
 5                        0.0000           35.0000            0.0018            0.0000
'SOL'
 3                     3500.0000            0.4000          500.0000            0.0000            0.0000            0.0000            0.0000
 8                        0.0000           35.0000            0.0018            0.0000
      46.3500       0.0000
       0.0000       0.0000
2
