3,2,1,1
        19.1330        19.1330         5.6000        30.0000         0.0000
'ASF'
 3                    25000.0000            0.3000           15.0000            0.0000            0.0000            0.0000            0.0000
 5                        0.0000           35.0000            0.0018            0.0000
'GRA'
 3                     2550.0000            0.3500           60.0000            0.0000            0.0000            0.0000            0.0000
 5                        0.0000           35.0000            0.0018            0.0000
'SOL'
 3                     1500.0000            0.4000          400.0000            0.0000            0.0000            0.0000            0.0000
 8                        0.0000           35.0000            0.0018            0.0000
