3,2,2,1
        31.8721        31.8721        14.3400        86.3600         0.0000
'ASF'
 3                    40000.0000            0.3300           11.0000            0.0000            0.0000            0.0000            0.0000
 5                        0.0000           35.0000            0.0018            0.0000
'GRA'
 3                     1100.0000            0.3500           34.0000            0.0000            0.0000            0.0000            0.0000
 5                        0.0000           35.0000            0.0018            0.0000
'SOL'
 3                     3200.0000            0.4000          500.0000            0.0000            0.0000            0.0000            0.0000
 8                        0.0000           35.0000            0.0018            0.0000
      43.1800       0.0000
       0.0000       0.0000
2
