3,6,2,1
        38.0551        38.0551        13.0100       140.0000       145.0000
'ASF'
 3                    40000.0000            0.3300           18.50000            0.0000            0.0000            0.0000            0.0000
 5                        0.0000           35.0000            0.0018            0.0000
'GRA'
 3                     1100.0000            0.3500           34.0000            0.0000            0.0000            0.0000            0.0000
 5                        0.0000           35.0000            0.0018            0.0000
'SOL'
 3                     3200.0000            0.4000          500.0000            0.0000            0.0000            0.0000            0.0000
 8                        0.0000           35.0000            0.0018            0.0000
      70.0000       0.0000
       0.0000       0.0000
7
