3,6,2,1
        38.0137        38.0137        13.0100       140.0000       145.0000
'ASF'
 3                    63700.0000            0.3300           17.0000            0.0000            0.0000            0.0000            0.0000
 5                        0.0000           35.0000            0.0018            0.0000
'GRA'
 3                     1900.0000            0.3500           40.0000            0.0000            0.0000            0.0000            0.0000
 5                        0.0000           35.0000            0.0018            0.0000
'SOLSOL'
 3                     3500.0000            0.4000          500.0000            0.0000            0.0000            0.0000            0.0000
 8                        0.0000           35.0000            0.0018            0.0000
      70.0000       0.0000
       0.0000       0.0000
7
