4,2,2,1
        31.8721        31.8721        14.3400        86.0000         0.0000
'ASF'
 3                    40000.0000            0.3300           10.0000            0.0000            0.0000            0.0000            0.0000
 5                        0.0000           35.0000            0.0018            0.0000
'ASF'
 3                    40000.0000            0.3300           12.5000            0.0000            0.0000            0.0000            0.0000
 5                        0.0000           35.0000            0.0018            0.0000
'GRA'
 3                     3000.0000            0.3500           40.0000            0.0000            0.0000            0.0000            0.0000
 5                        0.0000           35.0000            0.0018            0.0000
'SOL'
 3                     1000.0000            0.4000          500.0000            0.0000            0.0000            0.0000            0.0000
 8                        0.0000           35.0000            0.0018            0.0000
      43.0000       0.0000
       0.0000       0.0000
2
