4,2,2,1
        19.1330        19.1330         5.6000        30.0000         0.0000
'ASF'
 3                    42000.0000            0.3300           12.0000            0.0000            0.0000            0.0000            0.0000
 5                        0.0000           35.0000            0.0018            0.0000
'GRA'
 3                     2500.0000            0.3500           38.0000            0.0000            0.0000            0.0000            0.0000
 5                        0.0000           35.0000            0.0018            0.0000
'SOL'
 3                     1500.0000            0.4000           30.0000            0.0000            0.0000            0.0000            0.0000
 5                        0.0000           35.0000            0.0018            0.0000
'SOL'
 3                     1000.0000            0.4000          500.0000            0.0000            0.0000            0.0000            0.0000
 8                        0.0000           35.0000            0.0018            0.0000
      15.0000       0.0000
       0.0000       0.0000
2
