2,1,7,1
        26.5841        26.5841         5.6600         0.0000         0.0000
'CIM'
 3                   120000.0000            0.2000           15.0000            0.0000            0.0000            0.0000            0.0000
 5                        0.0000           35.0000            0.0018            0.0000
'SOL'
 3                     1000.0000            0.4000          980.0000            0.0000            0.0000            0.0000            0.0000
 8                        0.0000           35.0000            0.0018            0.0000
      20.0000       0.0000
      30.0000       0.0000
      45.0000       0.0000
      65.0000       0.0000
      90.0000       0.0000
     120.0000       0.0000
