2,1,7,3
        26.5841        26.5841         5.6600         0.0000         0.0000
'SOL'
 6                      400.0000            0.4000           40.0000          400.0000            0.3000            0.0000            0.2000
 5                        0.0000           35.0000            0.0018
'SOL'
 6                      400.0000            0.4000          980.0000          400.0000            0.3000            0.0000            0.2000
 8                        0.0000           35.0000            0.0018
      20.0000       0.0000
      30.0000       0.0000
      45.0000       0.0000
      65.0000       0.0000
      90.0000       0.0000
     120.0000       0.0000
