3,1,7,1
        26.5841        26.5841         5.6600         0.0000         0.0000
'ASF'
 3                    35000.0000            0.3000            5.0000            0.0000            0.0000            0.0000            0.0000
 5                        0.0000           35.0000            0.0018
'GRA'
 3                     2000.0000            0.3500           15.0000            0.0000            0.0000            0.0000            0.0000
 5                        0.0000           35.0000            0.0018
'SOL'
 3                     1000.0000            0.4000          980.0000            0.0000            0.0000            0.0000            0.0000
 8                        0.0000           35.0000            0.0018
      20.0000       0.0000
      30.0000       0.0000
      45.0000       0.0000
      65.0000       0.0000
      90.0000       0.0000
     120.0000       0.0000
