5,6,2,1
        41.8117        41.8117        15.5000       140.0000       145.0000
'ASF'
 3                    40000.0000            0.3300           12.5000            0.0000            0.0000            0.0000            0.0000
 5                        0.0000           35.0000            0.0018            0.0000
'CIM'
 3                   118000.0000            0.2000           15.0000            0.0000            0.0000            0.0000            0.0000
 5                        0.0000           35.0000            0.0018            0.0000
'GRA'
 3                     2860.0000            0.3500           15.0000            0.0000            0.0000            0.0000            0.0000
 5                        0.0000           35.0000            0.0018            0.0000
'GRA'
 3                     1500.0000            0.3500          200.0000            0.0000            0.0000            0.0000            0.0000
 5                        0.0000           35.0000            0.0018            0.0000
'SOL'
 3                      200.0000            0.4000          500.0000            0.0000            0.0000            0.0000            0.0000
 8                        0.0000           35.0000            0.0018            0.0000
      70.0000       0.0000
       0.0000       0.0000
7
