5,2,2,1
        36.2174        36.2174        12.7300        86.3600         0.0000
'ASF'
 3                    40000.0000            0.3300           12.5000            0.0000            0.0000            0.0000            0.0000
 5                        0.0000           35.0000            0.0018            0.0000
'CIM'
 3                   118000.0000            0.2000           15.0000            0.0000            0.0000            0.0000            0.0000
 5                        0.0000           35.0000            0.0018            0.0000
'GRA'
 3                     2860.0000            0.3500           15.0000            0.0000            0.0000            0.0000            0.0000
 5                        0.0000           35.0000            0.0018            0.0000
'GRA'
 3                     1500.0000            0.3500          200.0000            0.0000            0.0000            0.0000            0.0000
 5                        0.0000           35.0000            0.0018            0.0000
'SOL'
 3                      200.0000            0.4000          500.0000            0.0000            0.0000            0.0000            0.0000
 8                        0.0000           35.0000            0.0018            0.0000
      43.1800       0.0000
       0.0000       0.0000
2
