4,4,4,1
         1.3358         1.3358        16.4200       117.6000       198.1000
'ASF'
 3                    40000.0000            0.3300           22.5000            0.0000            0.0000            0.0000            0.0000
 5                        0.0000           35.0000            0.0018            0.0000
'GRA'
 3                     4268.0000            0.3500           40.0000            0.0000            0.0000            0.0000            0.0000
 5                        0.0000           35.0000            0.0018            0.0000
'GRA'
 3                     1440.0000            0.3500           37.5000            0.0000            0.0000            0.0000            0.0000
 5                        0.0000           35.0000            0.0018            0.0000
'SOL'
 3                      500.0000            0.4000         1000.0000            0.0000            0.0000            0.0000            0.0000
 8                        0.0000           35.0000            0.0018            0.0000
      58.8000      99.0500
       0.0000       0.0000
       0.0000      99.0500
     100.0000      99.0500
5
